A_1 = 422/10^6;     % m^2
A_2 = 339/10^6;     % m^2
V_01 = 2261/10^9;   % m^3
V_02 = 51109/10^9;  % m^3
m = 0.25;           % kg
K = 1.44 * 10^9;    % Pa
