A_1 = 1688/10^6;     % m^2
A_2 = 2*678/10^6;     % m^2
V_01 = 4*4522/10^9;   % m^3
V_02 = 4*102218/10^9;  % m^3
m = 4*0.5;           % kg
K = 1.44 * 10^9;    % Pa
x_max = 0.1;          % maksymalne wychylenie
x_min = -0.1;          % minimalne wychylenie
filter_coef = 100;
